	ALL_19769_B.cell	ALL_19769_B.cell_2	ALL_28373_B.cell	ALL_28373_B.cell_2	ALL_9692_B.cell	ALL_9692_B.cell_2	ALL_17281_B.cell	ALL_17281_B.cell_2	ALL_20414_B.cell	ALL_20414_B.cell_2	ALL_549_B.cell	ALL_549_B.cell_2	ALL_20185_B.cell	ALL_20185_B.cell_2	ALL_18239_B.cell	ALL_18239_B.cell_2	ALL_7092_B.cell	ALL_7092_B.cell_2	ALL_R23_B.cell	ALL_R23_B.cell_2	ALL_19881_T.cell	ALL_19881_T.cell_2	ALL_9723_T.cell	ALL_9723_T.cell_2	ALL_14402_T.cell	ALL_14402_T.cell_2	ALL_22474_T.cell	ALL_22474_T.cell_2	AML_13	AML_13_2	AML_16	AML_16_2	AML_1	AML_1_2	AML_3	AML_3_2	AML_6	AML_6_2
ALL_19769_B.cell	1.0	0.6848655064242821	0.6640583941657692	0.6252379026056467	0.6898938099506178	0.5801478398495974	0.6710510076622291	0.6807461462024582	0.6328719038437872	0.49262668222015615	0.6346765150228169	0.6332474834665922	0.5080656714638991	0.4780759398744536	0.6175069385241656	0.6220659142577408	0.605048069628511	0.7092685945170305	0.6162201910048051	0.42858113979599366	0.30850683402611023	0.35469121908134316	0.2739561767173867	0.3950725982281915	0.43070783997172535	0.4381521268846733	0.4109523837621285	0.4270234160672264	0.5292033000831908	0.10699509802635199	0.25065639067296464	0.3699636278880468	0.49058570293605763	0.4142994664035724	0.269359190949494	0.5115285543769393	0.4822688038184463	0.29753300646806147
ALL_19769_B.cell_2	0.6848655064242821	1.0	0.7935552431281717	0.7901770002082085	0.7181350225434686	0.6884089216096081	0.6202956537412232	0.707490447245451	0.7231578541368961	0.5579313098114579	0.6416080655141025	0.630438827924507	0.4615685782295501	0.572217340817069	0.6757618540456991	0.7944949882610617	0.6699948661561226	0.6850038491114063	0.7290010555056627	0.5016890649870411	0.37308480992688975	0.42168285008408035	0.3150094492110982	0.45756272075993565	0.5108878323348789	0.5226457233059608	0.506434940646278	0.5163839193719502	0.6175700382170005	0.13226247789011591	0.2968805989068435	0.47124358978926184	0.5556097591105486	0.4930078905279448	0.31171226808573294	0.5827005597203629	0.5486048025054484	0.3433641408088869
ALL_28373_B.cell	0.6640583941657692	0.7935552431281717	1.0	0.721595478080802	0.6654651453118454	0.6789786898669355	0.6300535674477101	0.7229752168536874	0.6977212435659248	0.5696453002156403	0.6215267891594763	0.6182011193901302	0.4922282690408437	0.5509374510416456	0.6152932094725897	0.7629728299679195	0.6544539047725673	0.6712206623988466	0.6551793260565746	0.5301217429050813	0.3798439089695832	0.40581386165212574	0.34284097745407316	0.4732184809317811	0.5178344386281817	0.5276375529567496	0.4783432233365281	0.5231255626533731	0.5871738424871278	0.17662379596047517	0.3238070348405372	0.4603474890467705	0.5662961454570364	0.5092458878124857	0.3579478620202089	0.6043791272213199	0.5584814298504492	0.3663444485882127
ALL_28373_B.cell_2	0.6252379026056467	0.7901770002082085	0.721595478080802	1.0	0.6872959409505264	0.6832927073800646	0.5792399333465413	0.6076712405782139	0.6994224328348984	0.5425815384201507	0.6162552398251984	0.6329783861144416	0.3962055815483614	0.5547508935651817	0.6253229586232152	0.7818548734178591	0.6561427210166464	0.6214488057024634	0.7327370678291467	0.48078009472114613	0.3555490529711146	0.4152574684793606	0.29036188711667166	0.4529946376594197	0.508787388653479	0.5135523003598255	0.49778241427098124	0.5443864760421416	0.6366030400336904	0.13333741272240662	0.2950811216653286	0.48644101357606695	0.5445309717607787	0.5053831706782569	0.30991799571992573	0.5816386846715225	0.5439405291971768	0.3415668091207461
ALL_9692_B.cell	0.6898938099506178	0.7181350225434686	0.6654651453118454	0.6872959409505264	1.0	0.6330015106623983	0.6245837816930075	0.6215328144865713	0.6652052158212647	0.48334677427906625	0.6166062246375434	0.6748451935214244	0.4693173168850431	0.5433300069185552	0.6771830366904731	0.6357419533031343	0.6459898599353541	0.6430699378078397	0.7053013513586723	0.459271988998616	0.3288080981382977	0.37757667201439016	0.2584688357541113	0.4245328725522841	0.4634405857724032	0.4756151457595459	0.4549901804714207	0.46738357641730455	0.5921324883732026	0.11822102412885438	0.27407679417675457	0.4361022524676921	0.5196399727940988	0.4592146344358956	0.27654634732773686	0.5387632227989394	0.5130613117949394	0.34374756928721084
ALL_9692_B.cell_2	0.5801478398495974	0.6884089216096081	0.6789786898669355	0.6832927073800646	0.6330015106623983	1.0	0.5279871257376829	0.5349152679557689	0.6290021366302421	0.5003964917508977	0.6229869114995474	0.621637011718635	0.34392487190978616	0.5590957650815459	0.6376893858303297	0.6205305554601338	0.775331708767511	0.6044766238228076	0.6907206081740016	0.51380462595169	0.32002701745797624	0.3823297976520438	0.2688814152392902	0.44420556820442714	0.49558072898345396	0.5229255948832023	0.4739285006364805	0.6321800761368803	0.6877110828032553	0.20759403339728744	0.39285229645841147	0.5559350873503435	0.624746919958586	0.579096791162512	0.3785372191334415	0.6350598235660229	0.5981047956373857	0.4401856285838317
ALL_17281_B.cell	0.6710510076622291	0.6202956537412232	0.6300535674477101	0.5792399333465413	0.6245837816930075	0.5279871257376829	1.0	0.6875433395960362	0.6456413703025718	0.49082799257751897	0.5836664959749767	0.682733273776239	0.5684828881684376	0.5156811769831617	0.5645868101507971	0.6208153566159795	0.5868069069082072	0.6535266678202805	0.5379111230561986	0.3940275536854171	0.27198411579650195	0.2902528721100234	0.23896584223043082	0.361598589925639	0.38550595462041193	0.37493513575645065	0.3479748647644675	0.3779182250385742	0.4747497283074066	0.09923905435763569	0.22700793925632368	0.34095862528169485	0.4705728141029577	0.39065009266832174	0.2610623218464705	0.4783351221086217	0.4488556766569829	0.27013093722599
ALL_17281_B.cell_2	0.6807461462024582	0.707490447245451	0.7229752168536874	0.6076712405782139	0.6215328144865713	0.5349152679557689	0.6875433395960362	1.0	0.6336462538467854	0.5122973443385663	0.5689720622561015	0.5733075519556323	0.6065259110605669	0.47974838144442944	0.5538920602963369	0.6915551548574885	0.5681890789578616	0.6565014154296069	0.5499533752906911	0.45304189414658413	0.33254218592071794	0.3589417795970987	0.30410356665252236	0.3957940944146746	0.4300304679863941	0.43644915470710477	0.40807928308217445	0.39367225033917086	0.4625855936120692	0.10673168463229743	0.23712430578497223	0.36457869880079063	0.4882226366505884	0.39433039147360227	0.2759395815648056	0.48274444167366914	0.47595022529682085	0.26842691880079406
ALL_20414_B.cell	0.6328719038437872	0.7231578541368961	0.6977212435659248	0.6994224328348984	0.6652052158212647	0.6290021366302421	0.6456413703025718	0.6336462538467854	1.0	0.5469587912897498	0.6228014355098044	0.6926201108250263	0.4804193610715711	0.5705405932798939	0.6022703034941388	0.7071590287241085	0.6324725405901009	0.6990379749944202	0.6848202764588078	0.4858462667186876	0.37473052572194343	0.3969610325730305	0.30883256356591793	0.46061519989946653	0.492918144036975	0.5068635278905258	0.46317407626265894	0.4743697931953963	0.5951054384834615	0.08684642034723533	0.23480772997759713	0.41239783212642955	0.48397498532711014	0.4578894360994691	0.26746260448239945	0.5370486959149773	0.5170874946134688	0.29362068527842355
ALL_20414_B.cell_2	0.49262668222015615	0.5579313098114579	0.5696453002156403	0.5425815384201507	0.48334677427906625	0.5003964917508977	0.49082799257751897	0.5122973443385663	0.5469587912897498	1.0	0.45419698945782083	0.45614578809325323	0.38613552592976164	0.3853150213911114	0.38480303126991444	0.5614303053140937	0.499060120234053	0.4612950018611044	0.4605543343296419	0.5304952457887667	0.424764162802566	0.4147844021709741	0.40591809749972296	0.48911009425052177	0.5104652955193264	0.5189420034891843	0.42316598811733697	0.45724007352983687	0.4644839133841595	0.16547855639610953	0.269037265764107	0.4122894502313389	0.49841278733923033	0.408700157498858	0.3015926749203248	0.5226285758282823	0.5009363166240339	0.30178600696593405
ALL_549_B.cell	0.6346765150228169	0.6416080655141025	0.6215267891594763	0.6162552398251984	0.6166062246375434	0.6229869114995474	0.5836664959749767	0.5689720622561015	0.6228014355098044	0.45419698945782083	1.0	0.6267517008458205	0.37298627061086653	0.4825460168372079	0.6141123553770812	0.5845880296885793	0.591402149923496	0.6204702084327864	0.6360984090264443	0.41282220960880966	0.2629910363078054	0.32996144277144246	0.21343706572991428	0.3763761636147711	0.4099426835333202	0.4453742192146022	0.39613553149280945	0.45849630843554556	0.6184006101966424	0.12451789316116513	0.27471787066822595	0.3853767440704784	0.5183627011392168	0.46272092731284886	0.2824869030174806	0.5438748215629386	0.5055850060007402	0.33463041023934137
ALL_549_B.cell_2	0.6332474834665922	0.630438827924507	0.6182011193901302	0.6329783861144416	0.6748451935214244	0.621637011718635	0.682733273776239	0.5733075519556323	0.6926201108250263	0.45614578809325323	0.6267517008458205	1.0	0.43374177150939763	0.5814852273900555	0.6236167529593686	0.5974654967435866	0.6609646209993343	0.6556322491834261	0.6442896382688867	0.40270333503876876	0.25229984073179423	0.2933288989150866	0.20042669545918834	0.3718471792183575	0.41573102242389137	0.41490583247240853	0.3847489577359122	0.4378950330199074	0.6197451786789896	0.07856644839050209	0.2522297330767099	0.4247642110811096	0.4788580111640973	0.4820218323376273	0.25845180670294343	0.5233858211920874	0.4612496183471496	0.3109288331339001
ALL_20185_B.cell	0.5080656714638991	0.4615685782295501	0.4922282690408437	0.3962055815483614	0.4693173168850431	0.34392487190978616	0.5684828881684376	0.6065259110605669	0.4804193610715711	0.38613552592976164	0.37298627061086653	0.43374177150939763	1.0	0.3576918627398922	0.3814239796579332	0.48172129558905796	0.38775022466681386	0.4582683979161476	0.35400408838789965	0.3417783218665291	0.2364221144229044	0.20392866692075007	0.22558750648215975	0.27196194862238166	0.2896690257974869	0.2929227398752917	0.2410861346081813	0.23928020196198752	0.27728347105112894	0.005025479488435569	0.12849045549109028	0.23621518616682424	0.3316375908411864	0.23615545801951188	0.15965596757851308	0.31718630963216965	0.3320639381697862	0.15147213689821282
ALL_20185_B.cell_2	0.4780759398744536	0.572217340817069	0.5509374510416456	0.5547508935651817	0.5433300069185552	0.5590957650815459	0.5156811769831617	0.47974838144442944	0.5705405932798939	0.3853150213911114	0.4825460168372079	0.5814852273900555	0.3576918627398922	1.0	0.5968701562468379	0.5619992169335464	0.5648128113190805	0.5036755641160996	0.6065488921777431	0.37057699340275185	0.26114139404537773	0.26235409397827025	0.21180213550091997	0.360025413929856	0.4355169690555859	0.39456235360262815	0.4009873573533159	0.39582557778049043	0.5303474617594053	0.004259803692137298	0.192337879790075	0.41516804480585434	0.41924561155865625	0.44780145151761275	0.1837961427659821	0.40235618498171843	0.34885044576652335	0.24166329345743576
ALL_18239_B.cell	0.6175069385241656	0.6757618540456991	0.6152932094725897	0.6253229586232152	0.6771830366904731	0.6376893858303297	0.5645868101507971	0.5538920602963369	0.6022703034941388	0.38480303126991444	0.6141123553770812	0.6236167529593686	0.3814239796579332	0.5968701562468379	1.0	0.5767647990146343	0.6427033039584074	0.6588288132029452	0.6614578656171214	0.4001762867904717	0.25167544892318094	0.30507745272832687	0.18791288945964824	0.3522132811222747	0.39740997071343687	0.39986067770451883	0.4215653754929538	0.4228424278716162	0.5816402221942285	0.06668474250684897	0.24560931918926987	0.4189824049490394	0.4872606113640997	0.452809062851665	0.23986049954321698	0.4667386517512673	0.4434911629063105	0.30908748645639583
ALL_18239_B.cell_2	0.6220659142577408	0.7944949882610617	0.7629728299679195	0.7818548734178591	0.6357419533031343	0.6205305554601338	0.6208153566159795	0.6915551548574885	0.7071590287241085	0.5614303053140937	0.5845880296885793	0.5974654967435866	0.48172129558905796	0.5619992169335464	0.5767647990146343	1.0	0.6197507621939862	0.6306981472762537	0.6570912600187715	0.48604250124975845	0.3624365629005981	0.3940935423368723	0.31726520251545587	0.44580019294523765	0.508084126910545	0.5044048793703628	0.46613094816007483	0.5016628786703543	0.5589023175062869	0.1107581451292955	0.26278270936533565	0.44542858089316384	0.5186070111604275	0.4617212181735557	0.30278277607667115	0.537988899603616	0.525387595262827	0.3035423007159326
ALL_7092_B.cell	0.605048069628511	0.6699948661561226	0.6544539047725673	0.6561427210166464	0.6459898599353541	0.775331708767511	0.5868069069082072	0.5681890789578616	0.6324725405901009	0.499060120234053	0.591402149923496	0.6609646209993343	0.38775022466681386	0.5648128113190805	0.6427033039584074	0.6197507621939862	1.0	0.6505911442740002	0.6411748382061089	0.4978732249824218	0.30464576670227006	0.3469208779032492	0.25478830986667333	0.42905140354375415	0.467759632929974	0.4705937089132576	0.43815515236816793	0.5825299408418051	0.6201759350015367	0.1847055248417463	0.37641493372949963	0.5463848231108305	0.642890643117495	0.5361093149604403	0.35340826090232813	0.5768456822926856	0.5887718433502453	0.4237739077025182
ALL_7092_B.cell_2	0.7092685945170305	0.6850038491114063	0.6712206623988466	0.6214488057024634	0.6430699378078397	0.6044766238228076	0.6535266678202805	0.6565014154296069	0.6990379749944202	0.4612950018611044	0.6204702084327864	0.6556322491834261	0.4582683979161476	0.5036755641160996	0.6588288132029452	0.6306981472762537	0.6505911442740002	1.0	0.6327128242074136	0.42693849784775273	0.27322794045950183	0.320130290534661	0.23050682723732174	0.367860609164836	0.39432797013756005	0.42152840365723854	0.3889317176953677	0.42990505018339387	0.5300992688255544	0.0819650612171906	0.22475517807897927	0.36138566196713195	0.4700444170022393	0.41315173140984196	0.25789377833411453	0.48118852867733797	0.48900049875523	0.2715335387057346
ALL_R23_B.cell	0.6162201910048051	0.7290010555056627	0.6551793260565746	0.7327370678291467	0.7053013513586723	0.6907206081740016	0.5379111230561986	0.5499533752906911	0.6848202764588078	0.4605543343296419	0.6360984090264443	0.6442896382688867	0.35400408838789965	0.6065488921777431	0.6614578656171214	0.6570912600187715	0.6411748382061089	0.6327128242074136	1.0	0.4276383243599363	0.30961709406540905	0.3734765492482648	0.23559597891118644	0.4249769557180484	0.4854568699096341	0.4979947939324638	0.48372204262703433	0.5097608498586308	0.6744844011027868	0.0804375971576804	0.25794566195605495	0.46775381408369465	0.49563776052060937	0.5029936204304477	0.2473651686580236	0.5225988848915121	0.48657760499704283	0.32318798787527525
ALL_R23_B.cell_2	0.42858113979599366	0.5016890649870411	0.5301217429050813	0.48078009472114613	0.459271988998616	0.51380462595169	0.3940275536854171	0.45304189414658413	0.4858462667186876	0.5304952457887667	0.41282220960880966	0.40270333503876876	0.3417783218665291	0.37057699340275185	0.4001762867904717	0.48604250124975845	0.4978732249824218	0.42693849784775273	0.4276383243599363	1.0	0.5088637245499602	0.5459660525085012	0.5198525437381076	0.5652641492482865	0.5942433379987478	0.6514560653451011	0.536943228000303	0.4483178009675397	0.4166959647072348	0.19051319028794844	0.3040080310247625	0.4256983523383806	0.4867075350221084	0.3835480528077524	0.31610117308533225	0.48834987583753964	0.5273453016859102	0.3354867329084341
ALL_19881_T.cell	0.30850683402611023	0.37308480992688975	0.3798439089695832	0.3555490529711146	0.3288080981382977	0.32002701745797624	0.27198411579650195	0.33254218592071794	0.37473052572194343	0.424764162802566	0.2629910363078054	0.25229984073179423	0.2364221144229044	0.26114139404537773	0.25167544892318094	0.3624365629005981	0.30464576670227006	0.27322794045950183	0.30961709406540905	0.5088637245499602	1.0	0.5609882211931945	0.6659290369559447	0.6290242359638472	0.5866879656751458	0.45847106192605425	0.4873515302104886	0.26406860468209736	0.2680724018943128	0.003875568908405125	0.10359060737304515	0.2574506625699142	0.29429840775238825	0.2338580040485354	0.12283173859424967	0.3088583328359924	0.30159941911685495	0.1281530507503431
ALL_19881_T.cell_2	0.35469121908134316	0.42168285008408035	0.40581386165212574	0.4152574684793606	0.37757667201439016	0.3823297976520438	0.2902528721100234	0.3589417795970987	0.3969610325730305	0.4147844021709741	0.32996144277144246	0.2933288989150866	0.20392866692075007	0.26235409397827025	0.30507745272832687	0.3940935423368723	0.3469208779032492	0.320130290534661	0.3734765492482648	0.5459660525085012	0.5609882211931945	1.0	0.5403312236375937	0.6453916264859613	0.6735056989979902	0.5403569670580968	0.7420960840157369	0.30530537413955117	0.32190881752242073	0.04789321938477675	0.139343487659501	0.2862647420091601	0.3264769065629629	0.26960820034195665	0.1476406772003659	0.35334422881275407	0.3663601355294608	0.1770925707885994
ALL_9723_T.cell	0.2739561767173867	0.3150094492110982	0.34284097745407316	0.29036188711667166	0.2584688357541113	0.2688814152392902	0.23896584223043082	0.30410356665252236	0.30883256356591793	0.40591809749972296	0.21343706572991428	0.20042669545918834	0.22558750648215975	0.21180213550091997	0.18791288945964824	0.31726520251545587	0.25478830986667333	0.23050682723732174	0.23559597891118644	0.5198525437381076	0.6659290369559447	0.5403312236375937	1.0	0.5999653045672375	0.6015191657406291	0.46787858745169986	0.4647250111969029	0.2249577285075106	0.21287391509999531	0.0	0.09441543020334242	0.22849758659159625	0.2768456974941832	0.19909048016486175	0.11884394237160789	0.28472839949162576	0.28366835876496654	0.10910696944095799
ALL_9723_T.cell_2	0.3950725982281915	0.45756272075993565	0.4732184809317811	0.4529946376594197	0.4245328725522841	0.44420556820442714	0.361598589925639	0.3957940944146746	0.46061519989946653	0.48911009425052177	0.3763761636147711	0.3718471792183575	0.27196194862238166	0.360025413929856	0.3522132811222747	0.44580019294523765	0.42905140354375415	0.367860609164836	0.4249769557180484	0.5652641492482865	0.6290242359638472	0.6453916264859613	0.5999653045672375	1.0	0.7081197352973454	0.585125110636237	0.635336491881273	0.3742159914225033	0.38884516097731336	0.06339998653423906	0.19013917341405207	0.36403349609647717	0.4036164425819695	0.3549585705077203	0.20355399282432973	0.41310984226505965	0.409874358063427	0.21381849685480459
ALL_14402_T.cell	0.43070783997172535	0.5108878323348789	0.5178344386281817	0.508787388653479	0.4634405857724032	0.49558072898345396	0.38550595462041193	0.4300304679863941	0.492918144036975	0.5104652955193264	0.4099426835333202	0.41573102242389137	0.2896690257974869	0.4355169690555859	0.39740997071343687	0.508084126910545	0.467759632929974	0.39432797013756005	0.4854568699096341	0.5942433379987478	0.5866879656751458	0.6735056989979902	0.6015191657406291	0.7081197352973454	1.0	0.5958191120049509	0.7179926356511839	0.4084585299829161	0.44637365247921956	0.06290984282015921	0.208194859855389	0.42736724444776597	0.43750025351129107	0.4036302415199201	0.20688438108713902	0.4395859179707591	0.4178540754778658	0.24590586559274064
ALL_14402_T.cell_2	0.4381521268846733	0.5226457233059608	0.5276375529567496	0.5135523003598255	0.4756151457595459	0.5229255948832023	0.37493513575645065	0.43644915470710477	0.5068635278905258	0.5189420034891843	0.4453742192146022	0.41490583247240853	0.2929227398752917	0.39456235360262815	0.39986067770451883	0.5044048793703628	0.4705937089132576	0.42152840365723854	0.4979947939324638	0.6514560653451011	0.45847106192605425	0.5403569670580968	0.46787858745169986	0.585125110636237	0.5958191120049509	1.0	0.5666734728906097	0.4545699899075427	0.47191289178926854	0.11278035424608668	0.23827754807544355	0.404828060510137	0.442752658965892	0.40437956780900475	0.25605169860540233	0.4763498680903916	0.4716707151258107	0.2852396758193607
ALL_22474_T.cell	0.4109523837621285	0.506434940646278	0.4783432233365281	0.49778241427098124	0.4549901804714207	0.4739285006364805	0.3479748647644675	0.40807928308217445	0.46317407626265894	0.42316598811733697	0.39613553149280945	0.3847489577359122	0.2410861346081813	0.4009873573533159	0.4215653754929538	0.46613094816007483	0.43815515236816793	0.3889317176953677	0.48372204262703433	0.536943228000303	0.4873515302104886	0.7420960840157369	0.4647250111969029	0.635336491881273	0.7179926356511839	0.5666734728906097	1.0	0.367563432542229	0.422890299930197	0.024317785146255932	0.16990075175665864	0.3790622310944035	0.3840640207974684	0.36538421118968356	0.15733715207699817	0.3879360746009912	0.3726139583408199	0.2042025531138798
ALL_22474_T.cell_2	0.4270234160672264	0.5163839193719502	0.5231255626533731	0.5443864760421416	0.46738357641730455	0.6321800761368803	0.3779182250385742	0.39367225033917086	0.4743697931953963	0.45724007352983687	0.45849630843554556	0.4378950330199074	0.23928020196198752	0.39582557778049043	0.4228424278716162	0.5016628786703543	0.5825299408418051	0.42990505018339387	0.5097608498586308	0.4483178009675397	0.26406860468209736	0.30530537413955117	0.2249577285075106	0.3742159914225033	0.4084585299829161	0.4545699899075427	0.367563432542229	1.0	0.5837325341409418	0.269822007796393	0.4478552025038106	0.5227642934704303	0.5846082104097579	0.5848176706233165	0.45534412159195337	0.6296869301683096	0.5655388029957108	0.4364513016869177
AML_13	0.5292033000831908	0.6175700382170005	0.5871738424871278	0.6366030400336904	0.5921324883732026	0.6877110828032553	0.4747497283074066	0.4625855936120692	0.5951054384834615	0.4644839133841595	0.6184006101966424	0.6197451786789896	0.27728347105112894	0.5303474617594053	0.5816402221942285	0.5589023175062869	0.6201759350015367	0.5300992688255544	0.6744844011027868	0.4166959647072348	0.2680724018943128	0.32190881752242073	0.21287391509999531	0.38884516097731336	0.44637365247921956	0.47191289178926854	0.422890299930197	0.5837325341409418	1.0	0.13369586348900175	0.32073888098560277	0.5151888059049379	0.5272892512851164	0.568216584220153	0.30480430748894904	0.6273058118324635	0.49519941984234706	0.3934326845831949
AML_13_2	0.10699509802635199	0.13226247789011591	0.17662379596047517	0.13333741272240662	0.11822102412885438	0.20759403339728744	0.09923905435763569	0.10673168463229743	0.08684642034723533	0.16547855639610953	0.12451789316116513	0.07856644839050209	0.005025479488435569	0.004259803692137298	0.06668474250684897	0.1107581451292955	0.1847055248417463	0.0819650612171906	0.0804375971576804	0.19051319028794844	0.003875568908405125	0.04789321938477675	0.0	0.06339998653423906	0.06290984282015921	0.11278035424608668	0.024317785146255932	0.269822007796393	0.13369586348900175	1.0	0.5112429186973009	0.16946130680685367	0.3134047005192512	0.20146737731526	0.5078702508217227	0.31993734160963305	0.3730527119572975	0.48301266051851066
AML_16	0.25065639067296464	0.2968805989068435	0.3238070348405372	0.2950811216653286	0.27407679417675457	0.39285229645841147	0.22700793925632368	0.23712430578497223	0.23480772997759713	0.269037265764107	0.27471787066822595	0.2522297330767099	0.12849045549109028	0.192337879790075	0.24560931918926987	0.26278270936533565	0.37641493372949963	0.22475517807897927	0.25794566195605495	0.3040080310247625	0.10359060737304515	0.139343487659501	0.09441543020334242	0.19013917341405207	0.208194859855389	0.23827754807544355	0.16990075175665864	0.4478552025038106	0.32073888098560277	0.5112429186973009	1.0	0.46995289165686116	0.5134486556233115	0.42659029251892977	0.4881517161771102	0.440638776401311	0.4836485115710666	0.6265683431643965
AML_16_2	0.3699636278880468	0.47124358978926184	0.4603474890467705	0.48644101357606695	0.4361022524676921	0.5559350873503435	0.34095862528169485	0.36457869880079063	0.41239783212642955	0.4122894502313389	0.3853767440704784	0.4247642110811096	0.23621518616682424	0.41516804480585434	0.4189824049490394	0.44542858089316384	0.5463848231108305	0.36138566196713195	0.46775381408369465	0.4256983523383806	0.2574506625699142	0.2862647420091601	0.22849758659159625	0.36403349609647717	0.42736724444776597	0.404828060510137	0.3790622310944035	0.5227642934704303	0.5151888059049379	0.16946130680685367	0.46995289165686116	1.0	0.5873424581475681	0.5703783692601956	0.33151838401466505	0.4780808992095201	0.47294721815771756	0.44692699580936646
AML_1	0.49058570293605763	0.5556097591105486	0.5662961454570364	0.5445309717607787	0.5196399727940988	0.624746919958586	0.4705728141029577	0.4882226366505884	0.48397498532711014	0.49841278733923033	0.5183627011392168	0.4788580111640973	0.3316375908411864	0.41924561155865625	0.4872606113640997	0.5186070111604275	0.642890643117495	0.4700444170022393	0.49563776052060937	0.4867075350221084	0.29429840775238825	0.3264769065629629	0.2768456974941832	0.4036164425819695	0.43750025351129107	0.442752658965892	0.3840640207974684	0.5846082104097579	0.5272892512851164	0.3134047005192512	0.5134486556233115	0.5873424581475681	1.0	0.5148695224621933	0.43160297805906545	0.588374922662906	0.6263174078825311	0.5617598497954497
AML_1_2	0.4142994664035724	0.4930078905279448	0.5092458878124857	0.5053831706782569	0.4592146344358956	0.579096791162512	0.39065009266832174	0.39433039147360227	0.4578894360994691	0.408700157498858	0.46272092731284886	0.4820218323376273	0.23615545801951188	0.44780145151761275	0.452809062851665	0.4617212181735557	0.5361093149604403	0.41315173140984196	0.5029936204304477	0.3835480528077524	0.2338580040485354	0.26960820034195665	0.19909048016486175	0.3549585705077203	0.4036302415199201	0.40437956780900475	0.36538421118968356	0.5848176706233165	0.568216584220153	0.20146737731526	0.42659029251892977	0.5703783692601956	0.5148695224621933	1.0	0.42776537630837563	0.5658518440727239	0.4593549405338404	0.40720046345146366
AML_3	0.269359190949494	0.31171226808573294	0.3579478620202089	0.30991799571992573	0.27654634732773686	0.3785372191334415	0.2610623218464705	0.2759395815648056	0.26746260448239945	0.3015926749203248	0.2824869030174806	0.25845180670294343	0.15965596757851308	0.1837961427659821	0.23986049954321698	0.30278277607667115	0.35340826090232813	0.25789377833411453	0.2473651686580236	0.31610117308533225	0.12283173859424967	0.1476406772003659	0.11884394237160789	0.20355399282432973	0.20688438108713902	0.25605169860540233	0.15733715207699817	0.45534412159195337	0.30480430748894904	0.5078702508217227	0.4881517161771102	0.33151838401466505	0.43160297805906545	0.42776537630837563	1.0	0.4900225203362434	0.4925418205735653	0.4318988772310338
AML_3_2	0.5115285543769393	0.5827005597203629	0.6043791272213199	0.5816386846715225	0.5387632227989394	0.6350598235660229	0.4783351221086217	0.48274444167366914	0.5370486959149773	0.5226285758282823	0.5438748215629386	0.5233858211920874	0.31718630963216965	0.40235618498171843	0.4667386517512673	0.537988899603616	0.5768456822926856	0.48118852867733797	0.5225988848915121	0.48834987583753964	0.3088583328359924	0.35334422881275407	0.28472839949162576	0.41310984226505965	0.4395859179707591	0.4763498680903916	0.3879360746009912	0.6296869301683096	0.6273058118324635	0.31993734160963305	0.440638776401311	0.4780808992095201	0.588374922662906	0.5658518440727239	0.4900225203362434	1.0	0.6380961448393803	0.4804403816964812
AML_6	0.4822688038184463	0.5486048025054484	0.5584814298504492	0.5439405291971768	0.5130613117949394	0.5981047956373857	0.4488556766569829	0.47595022529682085	0.5170874946134688	0.5009363166240339	0.5055850060007402	0.4612496183471496	0.3320639381697862	0.34885044576652335	0.4434911629063105	0.525387595262827	0.5887718433502453	0.48900049875523	0.48657760499704283	0.5273453016859102	0.30159941911685495	0.3663601355294608	0.28366835876496654	0.409874358063427	0.4178540754778658	0.4716707151258107	0.3726139583408199	0.5655388029957108	0.49519941984234706	0.3730527119572975	0.4836485115710666	0.47294721815771756	0.6263174078825311	0.4593549405338404	0.4925418205735653	0.6380961448393803	1.0	0.5208895894476018
AML_6_2	0.29753300646806147	0.3433641408088869	0.3663444485882127	0.3415668091207461	0.34374756928721084	0.4401856285838317	0.27013093722599	0.26842691880079406	0.29362068527842355	0.30178600696593405	0.33463041023934137	0.3109288331339001	0.15147213689821282	0.24166329345743576	0.30908748645639583	0.3035423007159326	0.4237739077025182	0.2715335387057346	0.32318798787527525	0.3354867329084341	0.1281530507503431	0.1770925707885994	0.10910696944095799	0.21381849685480459	0.24590586559274064	0.2852396758193607	0.2042025531138798	0.4364513016869177	0.3934326845831949	0.48301266051851066	0.6265683431643965	0.44692699580936646	0.5617598497954497	0.40720046345146366	0.4318988772310338	0.4804403816964812	0.5208895894476018	1.0