// dataSetFormat = SimMatrixDataSetFormat
// dataSetType = WordSenseDisambiguationDataSetType
// dataSetFormatVersion = 1
// alias = coli_need
// websiteVisibility = show_always
	need_br-a12_p21_s42_w1	need_br-a15_p12_s27_w4	need_br-b13_p43_s109_w5	need_br-c01_p27_s79_w3	need_br-c01_p28_s82_w1	need_br-c01_p32_s91_w8	need_br-c02_p22_s56_w1	need_br-e01_p15_s32_w1	need_br-e01_p36_s72_w1	need_br-e02_p11_s43_w1	need_br-e02_p24_s102_w7	need_br-e21_p1_s3_w13	need_br-e21_p23_s89_w4	need_br-e21_p6_s26_w1	need_br-e23_p17_s58_w14	need_br-e24_p10_s45_w7	need_br-e24_p14_s77_w11	need_br-e24_p17_s109_w9	need_br-e24_p8_s41_w6	need_br-e28_p36_s86_w10	need_br-e29_p10_s22_w8	need_br-e30_p3_s7_w5	need_br-f08_p40_s103_w8	need_br-f13_p10_s21_w3	need_br-f13_p15_s35_w4	need_br-f13_p22_s49_w7	need_br-f13_p23_s50_w7	need_br-f13_p23_s53_w7	need_br-f13_p28_s63_w5	need_br-f13_p29_s65_w3	need_br-f13_p31_s71_w5	need_br-f13_p38_s80_w3	need_br-f13_p42_s94_w4	need_br-f15_p6_s15_w7	need_br-f19_p5_s19_w3	need_br-f23_p14_s48_w3	need_br-f23_p8_s29_w4	need_br-f44_p3_s12_w29	need_br-g16_p3_s16_w1	need_br-g17_p9_s28_w4	need_br-g20_p10_s59_w17	need_br-g22_p3_s20_w4	need_br-g22_p7_s61_w23	need_br-g22_p9_s73_w4	need_br-g28_p11_s56_w14	need_br-g31_p2_s4_w7	need_br-g39_p13_s55_w11	need_br-g39_p13_s55_w5	need_br-h01_p10_s22_w10	need_br-h13_p37_s82_w5	need_br-h15_p29_s78_w10	need_br-h15_p39_s101_w6	need_br-h15_p52_s129_w12	need_br-h17_p2_s4_w1	need_br-h18_p2_s11_w2	need_br-j15_p7_s35_w6	need_br-j19_p9_s27_w4	need_br-j22_p12_s54_w7	need_br-j32_p1_s6_w6	need_br-j34_p12_s87_w1	need_br-j35_p11_s39_w2	need_br-j38_p22_s62_w6	need_br-j38_p26_s78_w17	need_br-j56_p14_s39_w3	need_br-k12_p21_s125_w2	need_br-k13_p27_s99_w1	need_br-k13_p8_s23_w6	need_br-k17_p28_s99_w4	need_br-k18_p27_s113_w3	need_br-k18_p34_s146_w1	need_br-k24_p48_s142_w2	need_br-k24_p56_s182_w1	need_br-k26_p44_s115_w4	need_br-l08_p15_s54_w2	need_br-l08_p23_s105_w17	need_br-l08_p2_s9_w5	need_br-l09_p21_s66_w2	need_br-l10_p65_s114_w7	need_br-l10_p84_s159_w4	need_br-l12_p35_s124_w8	need_br-l13_p13_s43_w1	need_br-m01_p51_s138_w1	need_br-m02_p12_s39_w1	need_br-n10_p14_s52_w1	need_br-n10_p14_s52_w4	need_br-n10_p23_s78_w1	need_br-n10_p23_s79_w2	need_br-n11_p13_s46_w10	need_br-n11_p17_s57_w5	need_br-n12_p15_s31_w8	need_br-n12_p27_s69_w2	need_br-n16_p18_s29_w22	need_br-n16_p45_s94_w19	need_br-n20_p42_s119_w12	need_br-n20_p42_s119_w9	need_br-p07_p26_s61_w1	need_br-p10_p12_s100_w1	need_br-p10_p2_s28_w4	need_br-p12_p33_s100_w6	need_br-p12_p40_s150_w12	need_br-p12_p5_s9_w3	need_br-p24_p85_s227_w1	need_br-r04_p12_s44_w4	need_br-r04_p23_s95_w8	need_br-r04_p23_s97_w8
need_br-a12_p21_s42_w1	1.0	0.9929376851835445	0.9947759715145492	0.9871001210736167	0.976152771790877	0.9923514109073621	0.9895200185626932	0.9967313581158017	0.988552035717264	0.9941046855665908	0.9956948520222939	0.9511677266572238	0.9922751806175227	0.9927769377376693	0.9953295823280295	0.9861494322611463	0.9933955620916953	0.9944065510129225	0.9938385409065554	0.9899576672697828	0.9931893873374725	0.9887059490440772	0.9943347201232261	0.9929591133394279	0.9940585256685258	0.9894728354060294	0.9904814626019625	0.9947050532385169	0.9921584924950189	0.9907296852799777	0.9874167385741	0.9919782211475255	0.9912989014355891	0.9907897056379346	0.9742382523833152	0.9944557725483993	0.9928720295457211	0.9952331989483073	0.9933415120484724	0.9952945851078637	0.9942176639876686	0.9871832662593834	0.991451278479459	0.9941607770676317	0.9859647667871809	0.9926606187912645	0.9942688653268336	0.9939354530126701	0.960223110172476	0.9947968185632741	0.9928703190701811	0.9953983074241094	0.9924208365053654	0.9923529856797028	0.9956689953228438	0.9868641433036804	0.990606985961786	0.9920957480311845	0.9916648082422445	0.9889594041574032	0.9960612234152428	0.993020048026563	0.9932370045012925	0.9819659014033784	0.9848476330446686	0.9956095238336712	0.9963232475155738	0.9937264264855862	0.9946104251524182	0.9936416862903441	0.9940498646986592	0.996170686268198	0.9922834906712694	0.9940258495619921	0.9968918764293698	0.99252154239189	0.9871233327863924	0.9923599030705544	0.9940940764049786	0.9928999794971791	0.9953385239922317	0.9892296209380158	0.9938073572717919	0.9773815261140335	0.9836587639704326	0.9953710104488661	0.9956827743433128	0.992916807020215	0.992725267067493	0.9941897328777799	0.9953721825013687	0.9963019946184154	0.9934884723998951	0.9916889032641495	0.9914021062893165	0.9933216706694797	0.9942495648061822	0.9959725328696352	0.9955864098709907	0.9934121857217054	0.990612693717642	0.9904298590531487	0.991111018526112	0.9948382505320481	0.9956993668299654
need_br-a15_p12_s27_w4	0.9929376851835445	1.0	0.9955089069728197	0.9883233641931135	0.9791018187806229	0.9916833737460451	0.984342177040798	0.9963109742163561	0.9906975610291996	0.9937582398055411	0.9978082226416796	0.9653759970623409	0.9952928745447243	0.995804356684472	0.9971120341556414	0.9887026136689937	0.9911410933263616	0.9958926612120701	0.9951428914745106	0.9967602409924184	0.9978250410236504	0.9956189330067134	0.9964483745468952	0.9952053881089657	0.9970267974522856	0.9920799038936897	0.9924893857837385	0.9972892353288222	0.9936770020082164	0.9927400251491941	0.9871758171293851	0.99401823817289	0.9954499021478669	0.9950989197613828	0.9808725467136856	0.9979725405516365	0.9952059617527096	0.9969836706393931	0.9959304191652757	0.9979418065319663	0.9958341186860407	0.9914788348204672	0.9975519670847298	0.9963244665791168	0.988308453096574	0.9985402627580939	0.9961255309307925	0.9959395112697191	0.9785766280965263	0.9947444238518922	0.9943347077415245	0.9977568234648099	0.9948617667019183	0.9950305937336793	0.9976041476454581	0.9836237286456898	0.9861458844760279	0.997584741776793	0.9922187665486711	0.9912267913263687	0.9971740876298826	0.9966330593710022	0.9974882983139455	0.9814691120781068	0.9779553425525487	0.9975728424317766	0.995942217245307	0.9943360599629284	0.992206838659233	0.9969090364600165	0.998270761523939	0.9958310436729468	0.9963509122178957	0.9930303227087582	0.9945143391928836	0.985784209772448	0.9842421988798132	0.9977024579881221	0.9961785925089308	0.9961572845486176	0.9911401297425755	0.9928421218333743	0.9968821613449605	0.9713274097831356	0.9790216080286879	0.9950874217267145	0.9960984657257774	0.9975839653657613	0.9899916401695016	0.9946686554934182	0.9951583588475208	0.994759720819024	0.9925059973693876	0.9906844118658251	0.9909758213489243	0.9982079979583359	0.9957961356334191	0.9955190465096712	0.9948850106065839	0.995176768815003	0.9929062988085754	0.9926729259774698	0.9936853544485987	0.9965437733798879	0.9960826075031296
need_br-b13_p43_s109_w5	0.9947759715145492	0.9955089069728197	1.0000000000000002	0.9921569407081772	0.9819351211728508	0.9939055414819338	0.9925677252861186	0.9979896372481151	0.9920078128228256	0.9958862630461705	0.9975847378433248	0.9545549226708332	0.9958677126196948	0.9961081566309657	0.9979229276399234	0.989413059669565	0.9933394182941748	0.997196231178179	0.9974528019228814	0.9950976674663337	0.9963499910872885	0.9930921624948156	0.9975103234803272	0.9972779583483956	0.9974783912563258	0.9933520567266034	0.9944674551462632	0.9974233444669811	0.9956749243241549	0.9954637942127181	0.9936690464201842	0.9958450899064597	0.992476454691485	0.9936237643330293	0.9789363740228444	0.9978281435767116	0.9950538218432934	0.9974035033556107	0.9954568551794244	0.9972178880721778	0.996797079930868	0.9904382804535277	0.9938197605809999	0.9978211795296487	0.9911175814664149	0.9944097593605106	0.9963165955919013	0.9960785380323838	0.967951934394193	0.995763769987779	0.9974819816005669	0.9967295275321176	0.9969574492841543	0.9954137892674605	0.9979354763524393	0.9906568586708937	0.9933266519398188	0.996627473807569	0.9922543650252506	0.9911830748110202	0.9974159770912977	0.9969128392506447	0.9960587800615471	0.9862424830093959	0.9796356947602873	0.9972599141835043	0.9965297752762423	0.9938358598656529	0.9960839163192539	0.9973709779099672	0.9966710541589816	0.9967226917679344	0.9954704953035669	0.9936104502083365	0.9963261683176616	0.9875592580033549	0.9848534680482737	0.9950358880534642	0.9955512963040647	0.9948376431111944	0.994275418095638	0.9906151794195419	0.9959671495437559	0.9823631473715568	0.9882089939860977	0.9947978336094383	0.9952840731864095	0.9951513535152487	0.9924284217297864	0.9946487066051398	0.9963739849148445	0.9962485294752533	0.9948539760114057	0.9911995731689119	0.9910321910438483	0.9964668475539505	0.9953525641529027	0.9967826168863062	0.9950213084033034	0.9944647848655722	0.9923453974221711	0.9933713906861172	0.9929469883615676	0.9969925140697622	0.997421656370111
need_br-c01_p27_s79_w3	0.9871001210736167	0.9883233641931135	0.9921569407081772	1.0000000000000002	0.9906267384700627	0.9898076491229907	0.9842052789812924	0.9909278294859988	0.9864856318213986	0.9906761019874538	0.9907177093083344	0.956327665201517	0.9889959858751409	0.9896432031030071	0.9913423830519325	0.9857708682411195	0.9873730728539919	0.9918169740450177	0.9937567143350917	0.9893545321971198	0.9903371533436787	0.9891610964470255	0.9924317331904302	0.991573678634681	0.9916429657647577	0.9904701470414102	0.991662206402246	0.9915421347428894	0.9927516564346848	0.9929718392390062	0.9865831620176613	0.991616510934538	0.987543954039647	0.9858288473700402	0.9744999219268006	0.9902010883165915	0.9879000078864391	0.9894491746065709	0.9873451775721995	0.990551232002832	0.9928065469743772	0.9858923348841232	0.9877410006072643	0.9918837798169187	0.9851327750554504	0.9874583245736774	0.9913086279213588	0.9911599579398975	0.9672426734153299	0.9886727517042171	0.9902412778811804	0.9901935260339292	0.9912880407337746	0.9905720365071545	0.9910071312764461	0.9816565774831629	0.9851436458964156	0.9907135248663784	0.9849719454482487	0.9892619912367134	0.9894697046251205	0.9911751820957857	0.9897688060107471	0.9778248008717281	0.9745334002215461	0.9902860384207955	0.9888209637384267	0.9875170687570426	0.9909202888235767	0.9894143754232277	0.9911799537664779	0.9913876946764065	0.9894073851574372	0.990632937130915	0.9902626567618769	0.9844186742237113	0.9845956526582245	0.9884085031126764	0.9862360572549551	0.988535552724008	0.9904076664141989	0.987387517444478	0.9901599351531526	0.9741356593089616	0.9796111626325523	0.9902579644885848	0.9902166961100961	0.9877352166814223	0.9834452316996327	0.9883692457865635	0.9917298329147004	0.9886859355056624	0.988633794999698	0.9837488556206687	0.9834621438938324	0.9910442199546029	0.9884456207413115	0.9904502980981232	0.9862174542516932	0.9879650232225764	0.9868343711430098	0.9896432970950797	0.9890069089428937	0.9923310505240995	0.9917235693644636
need_br-c01_p28_s82_w1	0.976152771790877	0.9791018187806229	0.9819351211728508	0.9906267384700627	0.9999999999999998	0.9827667988147722	0.9720208388672026	0.981020922948019	0.977806663763665	0.9810367183449172	0.98152761047106	0.9494553004052043	0.9798981792773483	0.980470165255124	0.9823088913968097	0.977633936697401	0.9782187602188627	0.982586040616478	0.9845173496570947	0.9839338645822143	0.9810945995421873	0.980302240215569	0.9841725427217013	0.9816645144182592	0.9826361555246099	0.9825441265774069	0.9840830834506902	0.9822476745882123	0.9857806141483002	0.986099955224641	0.9746241923582186	0.9840721727479245	0.9804580216380365	0.9760090245795523	0.9797227916625801	0.9811809624992793	0.9838590376015496	0.9794552206569556	0.9773114162825293	0.9823360471959349	0.9842969900809729	0.9843068753840666	0.9792202159604494	0.9824443234694785	0.9761285284877557	0.9780184065789359	0.9820133911517694	0.9821305117337206	0.9583459754413626	0.979954951976019	0.9808980678785945	0.9814644846113054	0.9831049093717429	0.9814132808865288	0.9816302597122771	0.9690086641212342	0.9733783292409218	0.9858149205254207	0.974911088116882	0.9811130118496645	0.9798068943974901	0.9819953514620656	0.9802594311433465	0.9812430907003806	0.9661496760567095	0.9821066670898877	0.9786435184048026	0.9810576320903251	0.9821215068458791	0.9794397081372747	0.9832478880123886	0.9825682707764727	0.9831205945257208	0.984298485295225	0.9820967896553499	0.978093375046627	0.9765558366990125	0.9798957923851782	0.9761653163930334	0.9810104578692476	0.9836960239452059	0.9811304494358565	0.9836223659815491	0.9647517112545979	0.9700258610460494	0.9831927175208497	0.9827971385005915	0.9787592141021219	0.9733163770012396	0.9806560525654162	0.9845850677114009	0.9787958096106066	0.9796462913751722	0.97526969025282	0.9750913344487625	0.9830210183758983	0.9794855221491214	0.9820907375221382	0.9770177928546955	0.9802464324608914	0.9836762122734112	0.9835025965868209	0.9838054743425623	0.9848476458220248	0.9831668141621182
need_br-c01_p32_s91_w8	0.9923514109073621	0.9916833737460451	0.9939055414819338	0.9898076491229907	0.9827667988147722	1.0000000000000002	0.9858749862230152	0.994174834751963	0.9899312893115878	0.9924900252297477	0.9942075003088499	0.954995496864133	0.9930081550822873	0.9934805456928686	0.9949301159693594	0.9875326405989491	0.9911229239267858	0.9944768115269497	0.9946251509052637	0.9901610661230503	0.9933246952743883	0.9907526460672483	0.9956498794599256	0.9935315586357629	0.9945341557184254	0.9919115573881042	0.9923305869346349	0.9938611448210702	0.9950267209888798	0.9952342557659221	0.9857079522479566	0.9930271121228444	0.9921978179365876	0.9895885425097437	0.977407121381993	0.9944457598527019	0.9922121397035238	0.9932150964628316	0.9908681264650132	0.9942279363374499	0.9948909985106044	0.9881560520423249	0.9905971199359737	0.9944595908106436	0.9880948426737877	0.991107280625319	0.9936639627698793	0.9936824908694346	0.9635316910896585	0.9931532907021948	0.9927662668734827	0.9937974936289392	0.9954290932434932	0.9930615755953192	0.9941273915786335	0.9832252706750253	0.987284286291293	0.9941971864572571	0.9889256021167729	0.9911420109721231	0.9939527869268392	0.9942784590200847	0.9928130032965901	0.9819843561631483	0.980622180579349	0.9943326383228414	0.9933594754400047	0.9930363345258852	0.9935351204824132	0.9925978424233161	0.9935297842925136	0.9947691720250813	0.9931774228824951	0.9942455618400531	0.9943869382935385	0.9896456443231902	0.9858358886676214	0.9921953785537162	0.9911005809239621	0.9927454239490852	0.9943210938695302	0.9912314193756707	0.9937517798650898	0.9741650020375096	0.9803732462176327	0.9941633944160189	0.9941870858858558	0.991539357473324	0.9889073677725742	0.993447299736777	0.995327338800224	0.9928089314305122	0.992627090793252	0.9896119533154781	0.9893846711502133	0.9930906843629866	0.9927074502410783	0.9941303538596513	0.9919246169755627	0.9921026954920931	0.9911561795198692	0.9916411746867747	0.9931305865814409	0.9951476700690723	0.9948916014068975
need_br-c02_p22_s56_w1	0.9895200185626932	0.984342177040798	0.9925677252861186	0.9842052789812924	0.9720208388672026	0.9858749862230152	0.9999999999999998	0.9912070219387534	0.9842348791899554	0.9912007660321372	0.98722980651309	0.9372918183138638	0.9871820781352745	0.9873266940123349	0.9887521297016788	0.9790613035379644	0.9870971516209102	0.9892193429635766	0.9898999694137888	0.9863178216476478	0.9875716656420512	0.9833344229228351	0.9880631717203943	0.9912893559709712	0.9880842671226994	0.9841120254789002	0.9860696094021287	0.9877822194552656	0.9867595035280617	0.9878695318029017	0.9946048665226418	0.9884707170256664	0.9815842828473539	0.9833752691553689	0.966833723373837	0.9873166484896183	0.9852188617720414	0.9891281648181404	0.9855460228418631	0.9867049288470089	0.987564286396169	0.9797408502457065	0.9819515958607348	0.9899707576104407	0.9862220949718358	0.981873974335963	0.9861885915566072	0.9856736636996187	0.9536777425981043	0.989131076854901	0.9936057427773681	0.9866544088171203	0.9902864214284172	0.9844784403702822	0.9888341701678933	0.9968495521716174	0.9961909602828383	0.9867750276873946	0.9823670940611487	0.979264561592186	0.9885581062034855	0.98780146826234	0.985131164793992	0.9773711160482736	0.9723526063846415	0.9874590619942637	0.9878351533774532	0.9821996159909251	0.9905126001565425	0.9894691450971728	0.9865813191862447	0.9875865082738451	0.9847916049375677	0.9829455955392251	0.9885742529701099	0.9784046301979463	0.9737094785941288	0.9837026653516701	0.9852383186172834	0.9843575271558692	0.9868160033756654	0.9778211484839644	0.9857487592784462	0.9756857507001178	0.9810556499406613	0.9851463226431693	0.9855438253160659	0.9846755223658608	0.9893767563851569	0.984685107799309	0.987249043925105	0.9882776015578221	0.9873343727165546	0.9814865419677141	0.9808163589587396	0.985934293829423	0.9850180982837538	0.9883111545708574	0.9869201978928076	0.9825484111334889	0.981022915818188	0.9842689163913336	0.981403906572698	0.9883641435575594	0.9899592983124539
need_br-e01_p15_s32_w1	0.9967313581158017	0.9963109742163561	0.9979896372481151	0.9909278294859988	0.981020922948019	0.994174834751963	0.9912070219387534	1.0000000000000002	0.9927451879509382	0.9958136488996046	0.9984337867686208	0.9547221815949951	0.9958721625635203	0.996368111991525	0.9985267456180256	0.9902321081312008	0.9945940538633432	0.9977346154158325	0.9968969201175392	0.9950656330256431	0.9965132497946979	0.9933594342221725	0.9976353968079622	0.9970072593588576	0.9978123464333002	0.9935195265555951	0.994454590213156	0.9981911253817854	0.995469215804741	0.9948389160633856	0.9922522372738038	0.9955179672351584	0.9936707870050928	0.9948463558227943	0.9796521200649793	0.9978815546828108	0.9955412258700878	0.9983476590312609	0.9966739147019521	0.9980493639876715	0.9971005969252399	0.9914320864108295	0.9945120728084753	0.9979527937948273	0.9907108917694081	0.9955242674103049	0.9966639205469272	0.9964331908283617	0.968144275158599	0.9975016581819715	0.9968472446470986	0.9972231179078457	0.9964532595087171	0.9957903147238272	0.9984777654953197	0.9903335185030825	0.9934990364672244	0.9967738858624653	0.9931429069225636	0.9921890863075016	0.9982228643624094	0.9972483043797034	0.9969024084234647	0.9836153265989752	0.9812244574034348	0.9980197656202169	0.9978105934435951	0.9955144765508965	0.9959790614355244	0.9973145079974927	0.9973424020285379	0.9975539423958771	0.9961457670430619	0.9946331226808652	0.9975379362228338	0.9915239070315748	0.9872964636804927	0.9954473640178174	0.9957050298893143	0.9960308852805022	0.9953123328203065	0.9914813716673975	0.9967646163907483	0.9782479453712127	0.9847897961899521	0.9953986124445346	0.9960503233170009	0.9963830755273465	0.9934859676067954	0.996344404574939	0.996998169277357	0.9968465848933398	0.9952327781433887	0.9937231063401043	0.9935765222728871	0.9972312924637557	0.996580143552288	0.9972648822822349	0.9965530287391234	0.9953715796588503	0.9936907456584142	0.9934345524794139	0.9935817637151773	0.99760313503984	0.9980600667004905
need_br-e01_p36_s72_w1	0.988552035717264	0.9906975610291996	0.9920078128228256	0.9864856318213986	0.977806663763665	0.9899312893115878	0.9842348791899554	0.9927451879509382	1.0000000000000002	0.9901984231249406	0.9920901647644983	0.9517353825723359	0.991406406870973	0.9916902624801104	0.9929222592286617	0.9862493823630718	0.989762828316074	0.993070883530865	0.9921198621491664	0.9903385740676616	0.991850493087969	0.9895537632591767	0.9927604859952902	0.992484277890215	0.9925690017436567	0.9885552784529942	0.9893590508043992	0.9923254174717512	0.9914751903553336	0.991760235008196	0.985541915934219	0.9922669729936026	0.9882190519430457	0.9892481936328794	0.975438263271896	0.9925443123526657	0.9906890937177935	0.9922737246863057	0.9895721655404868	0.9920830730133656	0.9918803772790982	0.9860837767867188	0.990266220437374	0.9929440700517774	0.9866204460787993	0.9894354908733881	0.9910353851297483	0.9909639161126405	0.9650209526262974	0.9906081300684236	0.9919482086835657	0.9917493785763069	0.992907010769797	0.9906997934326194	0.9925213630840048	0.9819764182903602	0.9854371404489506	0.9927867470658595	0.9862564711544219	0.9867457602677435	0.9919074885213646	0.9927575322668662	0.9916477218632456	0.9776145299106932	0.9745680178774594	0.9917606135921773	0.9915311834257048	0.9877348076274424	0.9891050327376333	0.990473763226266	0.9917771248265422	0.99130846460385	0.9910660942400867	0.9888578025836443	0.9910976373739879	0.9826818457529868	0.9828145839394935	0.9901459533730583	0.98849355989758	0.9897845675118699	0.9885947465794326	0.9860858062237254	0.9908286354313222	0.9689254162861533	0.9759137132029129	0.9904374411587289	0.9908391929740105	0.9904807592898326	0.9861977183642037	0.992613825908528	0.9908757199384202	0.9892401351435356	0.9891479125033812	0.9887418688434826	0.988477031399296	0.9915500726179303	0.98991493786488	0.9902139286759148	0.9887196990349729	0.9884294238292994	0.9878601784299796	0.9877735162830906	0.9884466444190333	0.9920729035565702	0.9916964430119077
need_br-e02_p11_s43_w1	0.9941046855665908	0.9937582398055411	0.9958862630461705	0.9906761019874538	0.9810367183449172	0.9924900252297477	0.9912007660321372	0.9958136488996046	0.9901984231249406	1.0	0.9957440798559691	0.9545529415297987	0.9944688226056929	0.9943696724201954	0.9954084012570517	0.9889949898251679	0.9927893473270816	0.9953927898051259	0.9964408960947801	0.9930323178866464	0.9945719803605618	0.9910177176624573	0.9954336038958721	0.9954921634670377	0.9954797649035769	0.9923749704226974	0.9930019790820938	0.9952767497448509	0.9949046749580734	0.9946900553385642	0.9912517970510692	0.9945180256012757	0.9925817780951366	0.990693012677671	0.9761465070208902	0.9946700309460875	0.9934716820255057	0.995107307784541	0.9926326542614642	0.9955006797349073	0.994765815855049	0.9882407825491156	0.99145984065332	0.995917272040108	0.9891830919383965	0.9920844779798828	0.995751899376748	0.9955236647933912	0.9650780130355184	0.994083588480206	0.9956632616733219	0.9951422300786531	0.994982691045832	0.9929611665630986	0.9959126578508031	0.9897817193154722	0.990237868433736	0.9939417788141156	0.9904476921320563	0.9909649770745356	0.9954959225984831	0.9946803407399899	0.9941476992460339	0.9819827252342191	0.9808973596630493	0.9956953248757762	0.9952121870829517	0.9921967148977127	0.9951167903991298	0.9943487765769689	0.9952589963249309	0.9960771170592441	0.9939170944827894	0.9931817420885588	0.9960599701824515	0.987573113194511	0.9848137192045215	0.9927211911419958	0.9927137487092751	0.9937085571392008	0.9941119581297337	0.9896668766230032	0.9946713400670615	0.9743931723618662	0.9810974833164053	0.9946170254420981	0.9949627332151855	0.9938579243360844	0.9921053657964752	0.9942351181613859	0.9959823971766831	0.9942825200014369	0.9934933028504173	0.9910034888211924	0.9906446756811529	0.995229433605622	0.9938345478779042	0.9958505674388111	0.9940348624101083	0.9926926692772697	0.9911573657830641	0.9938899498878206	0.9923782633741628	0.9965793989823679	0.9968684946870648
need_br-e02_p24_s102_w7	0.9956948520222939	0.9978082226416796	0.9975847378433248	0.9907177093083344	0.98152761047106	0.9942075003088499	0.98722980651309	0.9984337867686208	0.9920901647644983	0.9957440798559691	1.0	0.9585129568984302	0.996781669597955	0.9973920044370874	0.9992476179932335	0.9901913351178667	0.9937251115310983	0.9978630967054867	0.9969954973732701	0.995664959760206	0.9970961885206441	0.9942429259543796	0.9984383556593623	0.9966646352368811	0.9986667527086046	0.9940410168353617	0.9945406469374363	0.9989661907261913	0.9957056247654359	0.994640467365035	0.9886842466480509	0.9956347493135904	0.9951219080726028	0.9962041741165449	0.9819571444203007	0.9989052073266077	0.9967511840830817	0.9987016287976556	0.9976760702950489	0.9993195950265721	0.9976420960184385	0.9929099749483563	0.9960854936174101	0.9978705374988118	0.989755792091242	0.9974263043607114	0.9978822157203937	0.9977347324316383	0.970025125125459	0.996385418108016	0.9958600073521321	0.9985391841065823	0.9965480023955385	0.997249324312025	0.9992678286936705	0.985853106581115	0.9884125624180604	0.9977540732057535	0.9944620056616159	0.9936921013136449	0.9989796775803474	0.9980566181167966	0.9983958278918772	0.9840290889632003	0.9818388999260179	0.999027502723175	0.99797280865446	0.99615688986868	0.9948376733034195	0.9971260361639068	0.9980185634979605	0.9980995857779512	0.9971680972275698	0.9956905383380871	0.9972186701217634	0.9892490782189547	0.9873235000462481	0.9967267086544231	0.9963460386773182	0.9969255661367448	0.9945854594306505	0.9930202815926196	0.9977667686500034	0.9745693905980133	0.981908133980411	0.9962525238340093	0.9970282231756084	0.9969987936797214	0.9919211583552473	0.9964431626449806	0.9973841857033158	0.9972177259316496	0.9953080889443273	0.9929589898050225	0.9930581674831425	0.9980736864157655	0.9976894332068208	0.9975633102087481	0.9969045852284681	0.9968487740916142	0.9944644025422024	0.9934689613688398	0.9949493928414205	0.9980195882857751	0.9980525741176626
need_br-e21_p1_s3_w13	0.9511677266572238	0.9653759970623409	0.9545549226708332	0.956327665201517	0.9494553004052043	0.954995496864133	0.9372918183138638	0.9547221815949951	0.9517353825723359	0.9545529415297987	0.9585129568984302	1.0	0.9574752181174023	0.9599466877349612	0.957651296872376	0.9647189961409853	0.9535503650824558	0.9551947920992246	0.9587220046720561	0.9602239104467738	0.9649468096915178	0.9759032155097405	0.9588760039859383	0.9554718952526994	0.9618054088301538	0.9605193777147752	0.9610476320532476	0.9603630224070799	0.9613157993098973	0.9608545086650311	0.9467128359564804	0.9580708050549569	0.9679555969054974	0.9560495944967732	0.9430575066628284	0.9601940937677681	0.9550417178986651	0.9552934107965618	0.9559995524952665	0.9589795285569682	0.9600324336145412	0.9512874428405245	0.9663371529196031	0.9575889487345225	0.9491366861292598	0.9635030850455253	0.9572862029352889	0.957626182117179	0.9732473163956558	0.9524671346351518	0.9523968643732814	0.9625491404954667	0.9554351237881342	0.9563088087175348	0.9570264726585772	0.9351706910979258	0.9391451145941612	0.961278446763137	0.9523473239078352	0.9578966650169095	0.9555837141269727	0.9591754222277146	0.958915969136185	0.936986091896506	0.9356886437349213	0.9573413343937862	0.9529826352788668	0.9544425533781121	0.9523178599316785	0.9587454885089483	0.9630912387527195	0.9588605823993509	0.9592880059941058	0.9611098129770174	0.9547941657516044	0.948810191514764	0.9530750992128736	0.9637307366999145	0.9556466864769851	0.9561187244431079	0.9525802081718352	0.9715071720847854	0.9579843017691457	0.9301990810832238	0.9373002291425027	0.9606518867057914	0.9601414941267464	0.9596441281220119	0.9485650966361265	0.9543708381692207	0.9572173616404931	0.9546946278682764	0.949520079387631	0.9473427546695592	0.9473971863064589	0.9608814210393788	0.9595529484389146	0.9542888160309216	0.950718943590447	0.9555091355566533	0.956938132111898	0.958010490058085	0.9571984632855869	0.9587153606527727	0.9563248789393062
need_br-e21_p23_s89_w4	0.9922751806175227	0.9952928745447243	0.9958677126196948	0.9889959858751409	0.9798981792773483	0.9930081550822873	0.9871820781352745	0.9958721625635203	0.991406406870973	0.9944688226056929	0.996781669597955	0.9574752181174023	0.9999999999999999	0.9969942598462463	0.9969780185781337	0.9879846828753026	0.9907967897094635	0.9960143855890993	0.9954355166900929	0.9941538392949385	0.9957046523213448	0.9930389320171976	0.9965410269883891	0.9967319811222827	0.9972624606125577	0.9926583782545774	0.9933352528064596	0.9964842383654445	0.9941398276071264	0.9941577320240842	0.9886266871982292	0.9949578879639782	0.9935110591620803	0.9938038503314615	0.9793870917098164	0.9965704863938994	0.994659786377453	0.9963904982851415	0.9943282580209092	0.9966078105838695	0.9957737764724093	0.9895205052719966	0.9935123526663288	0.9963097053350404	0.9897884453232897	0.9938561326282175	0.9951259450099146	0.9949894606439937	0.9685306903468575	0.9952216327363735	0.9959411343484909	0.9959815637111155	0.996869410841515	0.9941725563269526	0.9968604030910321	0.9850639614907586	0.9884692652168072	0.9963239161505523	0.9909821028112582	0.9903535006542954	0.9967689483716964	0.9967106870002527	0.9966307375189151	0.9821421667441521	0.9781948093192248	0.9963562684419097	0.9947543877741634	0.9927467057089592	0.9927669872207534	0.9949391096411487	0.9959001677422213	0.9950798164279354	0.9955224602042175	0.9920913727647107	0.9940838406793033	0.9856294958772225	0.9832900250346368	0.9941574763842791	0.9926615043199835	0.9942321660327578	0.9918261738307713	0.9894726087671082	0.9954178099643125	0.9727852690776193	0.9800592084355801	0.9930160882864515	0.9939244190575067	0.9940105132239148	0.989796713933457	0.9934709402995748	0.9944497068044041	0.9936880132001273	0.9929863472585159	0.9898775190122154	0.9899357073568569	0.9953895884060754	0.9944859185272801	0.9946470730452126	0.9935496585162737	0.9933576970684267	0.9910899617019363	0.9912717014781129	0.9927195320400177	0.9958766670142482	0.995555246650161
need_br-e21_p6_s26_w1	0.9927769377376693	0.995804356684472	0.9961081566309657	0.9896432031030071	0.980470165255124	0.9934805456928686	0.9873266940123349	0.996368111991525	0.9916902624801104	0.9943696724201954	0.9973920044370874	0.9599466877349612	0.9969942598462463	1.0000000000000002	0.9975222620098698	0.9884247651220295	0.9909593677779482	0.996339327177722	0.9960595214685055	0.9946005548271912	0.9963385520855466	0.9938120828823874	0.9972330246804364	0.9965070021215435	0.9975764486067107	0.9925431601384906	0.9930713419322111	0.9970461734170996	0.9948672401811708	0.9947950825642221	0.9887800231389776	0.9953722308842557	0.9930683561315657	0.9945877713271141	0.9804350231807524	0.997006568358175	0.9946937871061889	0.99682479925686	0.9956894751861318	0.9970933211776227	0.9963138000080354	0.9906398894918003	0.9938737995174789	0.9967568253986787	0.9899983999822285	0.9946064716406721	0.9958350924569069	0.9957362805252227	0.9697635269613756	0.9950527221678149	0.9956378887767114	0.9962863757788901	0.9969221019287795	0.9951990573803063	0.9971073669575053	0.9854975718523805	0.9885771854475384	0.9968476188468779	0.992729561339199	0.9915536454491282	0.9967512903315306	0.9976214805666367	0.9969331645644239	0.9811230794231567	0.9779605766565771	0.996739512634127	0.9951910963518914	0.9929027210382535	0.9926438427008201	0.9951231024834257	0.9961785501688641	0.9957240134034563	0.9964248220675983	0.9930513588666449	0.9946128785652197	0.9860115003724457	0.9836450937135789	0.9948776290977095	0.9930474027208157	0.9946093417351631	0.9920292884739338	0.9903550456814623	0.9955391761977901	0.9723151192532313	0.979640186935115	0.9932127160249979	0.9940759187036137	0.9942074087298982	0.989943418913435	0.9938357475617249	0.9949680415906053	0.994192637999368	0.9926721074567753	0.9891991839062108	0.9892227477204306	0.9961032912020346	0.99512279421857	0.9947173654191704	0.993816818603094	0.9934437138730183	0.9916471988336558	0.9918064289151362	0.9929801228557291	0.9965171550404962	0.9962785100781185
need_br-e23_p17_s58_w14	0.9953295823280295	0.9971120341556414	0.9979229276399234	0.9913423830519325	0.9823088913968097	0.9949301159693594	0.9887521297016788	0.9985267456180256	0.9929222592286617	0.9954084012570517	0.9992476179932335	0.957651296872376	0.9969780185781337	0.9975222620098698	1.0000000000000002	0.9901773091002303	0.9936731152776148	0.9978530417461364	0.9972060914413005	0.9958506001736804	0.9972052842050034	0.994784705387337	0.9988414858210648	0.9972215335797792	0.9987369540112012	0.9939076655191619	0.994688982376211	0.9988331749732431	0.9959823635069559	0.9954955588579409	0.9898302552847595	0.996155796983457	0.9943877388147471	0.9962111865514567	0.9819105743692866	0.9988834083064635	0.9961885146540181	0.9985612971099661	0.9973491981336334	0.9988027631639617	0.9977598703738234	0.992577718527864	0.9956842076785741	0.9982685889024416	0.9909974874155159	0.9965789311592957	0.9971774671524801	0.9970150911799834	0.9699814729832841	0.9966166381698867	0.9963470628960389	0.99804663020511	0.9975745398790292	0.9968966782868631	0.9989242612035792	0.9868033372325272	0.9900134705383279	0.9981646215374377	0.9938825143451693	0.9929366518112434	0.9985675892857147	0.998518233022852	0.9980076036536979	0.9840504184878687	0.9809886681160611	0.9984787863506794	0.9973515625642183	0.9954077971576621	0.9947277872013792	0.9968947087744143	0.9977354808071467	0.9975251617120453	0.996835296959457	0.9954831106118077	0.9971439837245605	0.9893093683115719	0.9863951112491373	0.9963449772765527	0.9955291759764122	0.9962089485582025	0.9945783228159976	0.9926460727241796	0.9972699322073307	0.9762176996884789	0.9831284256907168	0.9957977564876828	0.9964904944366508	0.9959538851089135	0.9916679025831124	0.9957079222012721	0.9974234056229514	0.996510597066283	0.9953321172099437	0.9920455853984088	0.9922377888744666	0.997728536703053	0.99720516039552	0.9968545279870912	0.9958737862278046	0.9958823092371089	0.9936284209299049	0.9936474307660672	0.9943110799356123	0.9978778650199275	0.9978295199848705
need_br-e24_p10_s45_w7	0.9861494322611463	0.9887026136689937	0.989413059669565	0.9857708682411195	0.977633936697401	0.9875326405989491	0.9790613035379644	0.9902321081312008	0.9862493823630718	0.9889949898251679	0.9901913351178667	0.9647189961409853	0.9879846828753026	0.9884247651220295	0.9901773091002303	1.0	0.9917647109261826	0.9901738393764589	0.9909808151817121	0.9872754678581388	0.9888220726568273	0.9904335162232001	0.9903741008948258	0.9888457266586668	0.9920929666187528	0.9913676366005332	0.9916760649969444	0.9915375075405128	0.9922147913517066	0.9918855067472037	0.9847773591716376	0.9880409901121627	0.9872923673848518	0.986063456784708	0.9761828711029602	0.9894952103863947	0.9879277191540192	0.9891776331628681	0.9872166616031369	0.9905138414449824	0.9900442636806581	0.9846062388242853	0.9878330356026672	0.9903661775843492	0.982656101423226	0.9879006751788989	0.9894713114970347	0.9894775244214089	0.9626098812925614	0.9879659857006358	0.9877731634944515	0.9894769995082545	0.9887233514363823	0.9880238996426092	0.9903534574207531	0.9769796891855249	0.9803511274988651	0.9894298029430515	0.984611772931069	0.9860619887189294	0.9895103967221766	0.9897602048042076	0.9889626155713064	0.9766955465167421	0.9747688530903674	0.990413545220433	0.989414118694467	0.9878773136713566	0.9886203673617437	0.9901473238634756	0.9900912229214363	0.9897037937373397	0.9890468426814438	0.9895032404171084	0.9895540944129615	0.9836655415055184	0.981832750875947	0.9882590947954317	0.987127930072759	0.9888715479892874	0.9886658972784785	0.9908816719932927	0.9900872369034721	0.9683622989388361	0.9749083622903678	0.9897087072917713	0.9898816847633836	0.9893835682060177	0.986490343566235	0.9903621058906921	0.9910572183889894	0.9877969138445187	0.9870703930503861	0.9872882292517828	0.9871571414857744	0.9905201148606032	0.9930945803920225	0.9902331249302861	0.9872492485555118	0.9880942387423347	0.9898722754180761	0.9899899985521259	0.988418842472258	0.991008626276303	0.9907255299570357
need_br-e24_p14_s77_w11	0.9933955620916953	0.9911410933263616	0.9933394182941748	0.9873730728539919	0.9782187602188627	0.9911229239267858	0.9870971516209102	0.9945940538633432	0.989762828316074	0.9927893473270816	0.9937251115310983	0.9535503650824558	0.9907967897094635	0.9909593677779482	0.9936731152776148	0.9917647109261826	1.0	0.9946042483833897	0.9938041996477691	0.9888772715768065	0.9914530522896057	0.9894418135365076	0.9934006556820291	0.9919205826096363	0.9932774037016571	0.9912817999757756	0.9918139066476555	0.993786795803409	0.9931023414582468	0.9922810182527504	0.9883769075510681	0.9908882911884955	0.9904915244017215	0.9887550437037216	0.9763793742800412	0.9926387338882685	0.9912803399356749	0.9935573054761385	0.9907747021116884	0.9936894958019129	0.9928660780647275	0.9871451615741291	0.9907617635871359	0.9937080773408731	0.987189836120667	0.991183869449975	0.9925676593148824	0.992536760354978	0.9601479219383612	0.9923939468704804	0.9919211841804747	0.9931624055855022	0.9920505048352092	0.9910713062201667	0.9942108159370842	0.9846826910895033	0.9873298075711513	0.9916736183127846	0.9893964601128318	0.9881925872539229	0.9936564947619686	0.9919685824015203	0.9913953863384318	0.9806394828428885	0.9820640643869349	0.9937052166702816	0.9948174844906641	0.9912141026655648	0.9929990887968317	0.9925632927346298	0.9922883978444689	0.9940068086390897	0.9912089475723536	0.9920581050132072	0.9943474114292455	0.9877798535277517	0.9869522312778428	0.9911232454235758	0.9919854461022348	0.9919730587802326	0.9933278136207252	0.9898600407378503	0.9926984571845024	0.9709840210277721	0.9778092772578745	0.9937518036184809	0.9938623064257487	0.9922943585740991	0.9910142070614448	0.9940942620257068	0.9944024760563003	0.9935622933259046	0.9925186759413834	0.9921640006672008	0.9918312338251328	0.9926966103081617	0.9945840797296497	0.994153197723643	0.9927700918948745	0.9917853041107142	0.9915218757873476	0.9903862572747557	0.9902624248433841	0.9936980742062821	0.994450160503032
need_br-e24_p17_s109_w9	0.9944065510129225	0.9958926612120701	0.997196231178179	0.9918169740450177	0.982586040616478	0.9944768115269497	0.9892193429635766	0.9977346154158325	0.993070883530865	0.9953927898051259	0.9978630967054867	0.9551947920992246	0.9960143855890993	0.996339327177722	0.9978530417461364	0.9901738393764589	0.9946042483833897	0.9999999999999998	0.9976856179837762	0.9945316942782156	0.9963699872017276	0.9932982762814281	0.9977994084039185	0.9968795874202927	0.9974685772990822	0.9937937614185774	0.9943230582366481	0.9974550731732844	0.995511184318104	0.995153827195195	0.989979525655375	0.9956855510183353	0.9934108913957493	0.9938281356735179	0.9801105429345065	0.9974059852391655	0.9955818715641412	0.9974577256190464	0.9953740530258701	0.9977107436596313	0.9968702772851643	0.9911357743575736	0.9941692141708374	0.9973167245201604	0.9902819707202629	0.9952688211039579	0.9966683356978341	0.9964536512326259	0.9672216799189661	0.9961998085858791	0.9967051228205211	0.9973924423590151	0.9974227778141953	0.9957077485380809	0.9980130120418864	0.987441485245548	0.9901730124874913	0.9968412244367604	0.9925178008149206	0.9922141563423303	0.9976496066454211	0.9971048291441451	0.9965736761069397	0.9840731396460679	0.9811603745816146	0.9978341668176015	0.9972322011149096	0.9945290698266223	0.9948138892852574	0.99638091732749	0.9968067880567901	0.9968657614769671	0.9961778419525811	0.9940045196528641	0.9962103613839619	0.9881150959538246	0.9874040512483925	0.9952762988722627	0.9948915490582831	0.9957084962501749	0.9942401333956242	0.9908627547223099	0.9965526563201019	0.9745291749832403	0.9816691644696908	0.9950917325671442	0.9957543836307987	0.9958551728271112	0.9922597584466459	0.996480630323005	0.9964346813083079	0.995957515324566	0.9953404722282951	0.9935620252153463	0.9934875878459556	0.9966948758410866	0.9962361542413648	0.9969485880991743	0.9958174258528706	0.9952219793738052	0.9938865085591216	0.9926540416899243	0.9938378919006088	0.9972619768602257	0.9973473546004169
